0 0.00
1 0.28
2 0.55
3 0.83
4 1.11
5 1.39
6 1.67
7 1.95
8 2.23
9 2.51
10 2.80
11 3.09
12 3.37
13 3.66
14 3.96
15 4.25
16 4.55
17 4.85
18 5.15
19 5.45
20 5.76
21 6.08
22 6.39
23 6.71
24 7.04
25 7.37
26 7.70
27 8.04
28 8.39
29 8.74
30 9.10
31 9.46
32 9.83
33 10.21
34 10.59
35 10.99
36 11.39
37 11.80
38 12.22
39 12.66
40 13.10
41 13.55
42 14.02
43 14.50
44 14.99
45 15.50
46 16.02
47 16.56
48 17.12
49 17.69
50 18.29
51 18.90
52 19.54
53 20.20
54 20.89
55 21.61
56 22.35
57 23.12
58 23.93
59 24.77
60 25.66
61 26.58
62 27.54
63 28.56
64 29.62
65 30.74
66 31.92
67 33.16
68 34.46
69 35.85
70 37.30
71 38.85
72 40.48
73 42.21
74 44.04
75 45.98
76 48.04
77 50.22
78 52.53
79 54.97
80 57.55
81 60.27
82 63.12
83 66.12
84 69.24
85 72.49
86 75.85
87 79.30
88 82.82
89 86.40
90 90.00
91 93.60
92 97.18
93 100.70
94 104.15
95 107.51
96 110.76
97 113.88
98 116.88
99 119.73
100 122.45
101 125.03
102 127.47
103 129.78
104 131.96
105 314.02
106 315.96
107 317.79
108 139.52
109 141.15
110 142.70
111 144.15
112 145.54
113 146.84
114 148.08
115 149.26
116 150.38
117 151.44
118 152.46
119 153.42
120 154.34
121 155.23
122 156.07
123 156.88
124 157.65
125 158.39
126 159.11
127 159.80
128 160.46
129 161.10
130 161.71
131 162.31
132 162.88
133 163.44
134 163.98
135 164.50
136 165.01
137 165.50
138 165.98
139 166.45
140 166.90
141 167.34
142 167.78
143 168.20
144 168.61
145 169.01
146 169.41
147 169.79
148 170.17
149 170.54
150 170.90
151 171.26
152 171.61
153 171.96
154 172.30
155 172.63
156 172.96
157 173.29
158 173.61
159 173.92
160 174.24
161 174.55
162 174.85
163 175.15
164 175.45
165 175.75
166 176.04
167 176.34
168 176.63
169 176.91
170 177.20
171 177.49
172 177.77
173 178.05
174 178.33
175 178.61
176 178.89
177 179.17
178 179.45
179 179.72
180 180.00
181 180.28
182 180.55
183 180.83
184 181.11
185 181.39
186 181.67
187 181.95
188 182.23
189 182.51
190 182.80
191 183.09
192 183.37
193 183.66
194 183.96
195 184.25
196 184.55
197 184.85
198 185.15
199 185.45
200 185.76
201 186.08
202 186.39
203 186.71
204 187.04
205 187.37
206 187.70
207 188.04
208 188.39
209 188.74
210 189.10
211 189.46
212 189.83
213 190.21
214 190.59
215 190.99
216 191.39
217 191.80
218 192.22
219 192.66
220 193.10
221 193.55
222 194.02
223 194.50
224 194.99
225 195.50
226 196.02
227 196.56
228 197.12
229 197.69
230 198.29
231 198.90
232 199.54
233 200.20
234 200.89
235 201.61
236 202.35
237 203.12
238 203.93
239 204.77
240 205.66
241 206.58
242 207.54
243 208.56
244 209.62
245 210.74
246 211.92
247 213.16
248 214.46
249 215.85
250 217.30
251 218.85
252 220.48
253 222.21
254 224.04
255 225.98
256 228.04
257 230.22
258 232.53
259 234.97
260 237.55
261 240.27
262 243.12
263 246.12
264 249.24
265 252.49
266 255.85
267 259.30
268 262.82
269 266.40
270 270.00
271 273.60
272 277.18
273 280.70
274 284.15
275 287.51
276 290.76
277 293.88
278 296.88
279 299.73
280 302.45
281 305.03
282 307.47
283 309.78
284 311.96
285 494.02
286 495.96
287 497.79
288 319.52
289 321.15
290 322.70
291 324.15
292 325.54
293 326.84
294 328.08
295 329.26
296 330.38
297 331.44
298 332.46
299 333.42
300 334.34
301 335.23
302 336.07
303 336.88
304 337.65
305 338.39
306 339.11
307 339.80
308 340.46
309 341.10
310 341.71
311 342.31
312 342.88
313 343.44
314 343.98
315 344.50
316 345.01
317 345.50
318 345.98
319 346.45
320 346.90
321 347.34
322 347.78
323 348.20
324 348.61
325 349.01
326 349.41
327 349.79
328 350.17
329 350.54
330 350.90
331 351.26
332 351.61
333 351.96
334 352.30
335 352.63
336 352.96
337 353.29
338 353.61
339 353.92
340 354.24
341 354.55
342 354.85
343 355.15
344 355.45
345 355.75
346 356.04
347 356.34
348 356.63
349 356.91
350 357.20
351 357.49
352 357.77
353 358.05
354 358.33
355 358.61
356 358.89
357 359.17
358 359.45
359 359.72
360 0.00
