0 0.00
1 0.11
2 0.21
3 0.32
4 0.42
5 0.53
6 0.64
7 0.74
8 0.85
9 0.96
10 1.07
11 1.18
12 1.29
13 1.40
14 1.51
15 1.62
16 1.74
17 1.85
18 1.97
19 2.09
20 2.20
21 2.33
22 2.45
23 2.57
24 2.70
25 2.82
26 2.95
27 3.09
28 3.22
29 3.36
30 3.50
31 3.64
32 3.78
33 3.93
34 4.08
35 4.24
36 4.40
37 4.56
38 4.72
39 4.90
40 5.07
41 5.25
42 5.44
43 5.63
44 5.83
45 6.04
46 6.25
47 6.47
48 6.70
49 6.94
50 7.19
51 7.44
52 7.71
53 7.99
54 8.28
55 8.59
56 8.91
57 9.25
58 9.61
59 9.99
60 10.38
61 10.80
62 11.25
63 11.73
64 12.24
65 12.78
66 13.37
67 13.99
68 14.67
69 15.41
70 16.21
71 17.08
72 18.03
73 19.09
74 20.25
75 21.54
76 22.99
77 24.62
78 26.46
79 28.56
80 30.96
81 33.74
82 36.97
83 40.75
84 45.19
85 50.41
86 56.53
87 63.65
88 71.73
89 80.63
90 90.00
91 99.37
92 108.27
93 116.35
94 123.47
95 129.59
96 134.81
97 139.25
98 143.03
99 146.26
100 149.04
101 151.44
102 153.54
103 155.38
104 157.01
105 158.46
106 159.75
107 160.91
108 161.97
109 162.92
110 163.79
111 164.59
112 165.33
113 166.01
114 166.63
115 167.22
116 167.76
117 168.27
118 168.75
119 169.20
120 169.62
121 170.01
122 170.39
123 170.75
124 171.09
125 171.41
126 171.72
127 172.01
128 172.29
129 172.56
130 172.81
131 173.06
132 173.30
133 173.53
134 173.75
135 173.96
136 174.17
137 174.37
138 174.56
139 174.75
140 174.93
141 175.10
142 175.28
143 175.44
144 175.60
145 175.76
146 175.92
147 176.07
148 176.22
149 176.36
150 176.50
151 176.64
152 176.78
153 176.91
154 177.05
155 177.18
156 177.30
157 177.43
158 177.55
159 177.67
160 177.80
161 177.91
162 178.03
163 178.15
164 178.26
165 178.38
166 178.49
167 178.60
168 178.71
169 178.82
170 178.93
171 179.04
172 179.15
173 179.26
174 179.36
175 179.47
176 179.58
177 179.68
178 179.79
179 179.89
180 180.00
181 180.11
182 180.21
183 180.32
184 180.42
185 180.53
186 180.64
187 180.74
188 180.85
189 180.96
190 181.07
191 181.18
192 181.29
193 181.40
194 181.51
195 181.62
196 181.74
197 181.85
198 181.97
199 182.09
200 182.20
201 182.33
202 182.45
203 182.57
204 182.70
205 182.82
206 182.95
207 183.09
208 183.22
209 183.36
210 183.50
211 183.64
212 183.78
213 183.93
214 184.08
215 184.24
216 184.40
217 184.56
218 184.72
219 184.90
220 185.07
221 185.25
222 185.44
223 185.63
224 185.83
225 186.04
226 186.25
227 186.47
228 186.70
229 186.94
230 187.19
231 187.44
232 187.71
233 187.99
234 188.28
235 188.59
236 188.91
237 189.25
238 189.61
239 189.99
240 190.38
241 190.80
242 191.25
243 191.73
244 192.24
245 192.78
246 193.37
247 193.99
248 194.67
249 195.41
250 196.21
251 197.08
252 198.03
253 199.09
254 200.25
255 201.54
256 202.99
257 204.62
258 206.46
259 208.56
260 210.96
261 213.74
262 216.97
263 220.75
264 225.19
265 230.41
266 236.53
267 243.65
268 251.73
269 260.63
270 270.00
271 279.37
272 288.27
273 296.35
274 303.47
275 309.59
276 314.81
277 319.25
278 323.03
279 326.26
280 329.04
281 331.44
282 333.54
283 335.38
284 337.01
285 338.46
286 339.75
287 340.91
288 341.97
289 342.92
290 343.79
291 344.59
292 345.33
293 346.01
294 346.63
295 347.22
296 347.76
297 348.27
298 348.75
299 349.20
300 349.62
301 350.01
302 350.39
303 350.75
304 351.09
305 351.41
306 351.72
307 352.01
308 352.29
309 352.56
310 352.81
311 353.06
312 353.30
313 353.53
314 353.75
315 353.96
316 354.17
317 354.37
318 354.56
319 354.75
320 354.93
321 355.10
322 355.28
323 355.44
324 355.60
325 355.76
326 355.92
327 356.07
328 356.22
329 356.36
330 356.50
331 356.64
332 356.78
333 356.91
334 357.05
335 357.18
336 357.30
337 357.43
338 357.55
339 357.67
340 357.80
341 357.91
342 358.03
343 358.15
344 358.26
345 358.38
346 358.49
347 358.60
348 358.71
349 358.82
350 358.93
351 359.04
352 359.15
353 359.26
354 359.36
355 359.47
356 359.58
357 359.68
358 359.79
359 359.89
360 0.00
